{
  flt1 = 1.000000,
  flt2 = 3.141500,
  flt3 = -0.010000,
  flt4 = 49999999999999995805696.000000,
  flt5 = 1000000.000000,
  flt6 = -0.020000,
  flt7 = 0.000000,
}
